Date,Long:GOLD,Short:GOLD,Net:GOLD
2011-01-04,250305,47987,202318
2011-01-11,234333,56961,177372
2011-01-18,237404,72411,164993
2011-01-25,232725,72136,160589
2011-02-01,212265,61071,151194
2011-02-08,226799,59706,167093
2011-02-15,230943,58099,172844
2011-02-22,246967,66543,180424
2011-03-01,257754,60501,197253
2011-03-08,253434,62494,190940
2011-03-15,240661,66090,174571
2011-03-22,231512,56675,174837
2011-03-29,242343,49222,193121
2011-04-05,259792,55086,204706
2011-04-12,261335,59590,201745
2011-04-19,274208,59282,214926
2011-04-26,260607,59341,201266
2011-05-03,259440,66784,192656
2011-05-10,240975,64636,176339
2011-05-17,227421,62818,164603
2011-05-24,240461,68067,172394
2011-05-31,247185,55411,191774
2011-06-07,251837,53129,198708
2011-06-14,247713,56018,191695
2011-06-21,262254,59027,203227
2011-06-28,225982,60080,165902
2011-07-05,219889,62114,157775
2011-07-12,262515,64918,197597
2011-07-19,277492,58195,219297
2011-07-26,278473,42856,235617
2011-08-02,291974,44799,247175
2011-08-09,259388,55815,203573
2011-08-16,263954,63868,200086
2011-08-23,258641,70960,187681
2011-08-30,237230,60283,176947
2011-09-06,248457,64086,184371
2011-09-13,235395,66548,168847
2011-09-20,212809,62280,150529
2011-09-27,181723,53922,127801
2011-10-04,180635,47479,133156
2011-10-11,179125,44623,134502
2011-10-18,175224,48246,126978
2011-10-25,182146,52425,129721
2011-11-01,183149,43204,139945
2011-11-08,200186,44479,155707
2011-11-15,205417,46203,159214
2011-11-22,194066,33096,160970
2011-11-29,186031,31238,154793
2011-12-06,192752,33041,159711
2011-12-13,184468,33965,150503
2011-12-20,172973,39037,133936
2011-12-27,167413,36625,130788
2012-01-03,169339,38368,130971
2012-01-10,166262,33502,132760
2012-01-17,167373,31344,136029
2012-01-24,173479,31256,142223
2012-01-31,197478,26119,171359
2012-02-07,207620,30113,177507
2012-02-14,200332,32912,167420
2012-02-21,214343,33382,180961
2012-02-28,231050,37830,193220
2012-03-06,198112,34847,163265
2012-03-13,190477,39571,150906
2012-03-20,175009,43546,131463
2012-03-27,182369,34548,147821
2012-04-03,175592,33827,141765
2012-04-10,170996,34343,136653
2012-04-17,168700,26695,142005
2012-04-24,165003,30009,134994
2012-05-01,169568,29175,140393
2012-05-08,166130,42827,123303
2012-05-15,164051,49909,114142
2012-05-22,169551,54400,115151
2012-05-29,167439,56727,110712
2012-06-05,183962,55098,128864
2012-06-12,181259,48944,132315
2012-06-19,184393,47989,136404
2012-06-26,174589,51970,122619
2012-07-03,187263,50048,137215
2012-07-10,182156,55921,126235
2012-07-17,180474,51515,128959
2012-07-24,166085,53108,112977
2012-07-31,171331,45267,126064
2012-08-07,163082,47582,115500
2012-08-14,161435,47131,114304
2012-08-21,170780,40096,130684
2012-08-28,194680,36189,158491
2012-09-04,204945,34481,170464
2012-09-11,214403,32387,182016
2012-09-18,224988,33873,191115
2012-09-25,233994,30098,203896
2012-10-02,239434,31108,208326
2012-10-09,247401,35452,211949
2012-10-16,232988,38968,194020
2012-10-23,222095,40052,182043
2012-10-30,207532,37310,170222
2012-11-06,196504,36331,160173
2012-11-13,207847,36253,171594
2012-11-20,217433,36618,180815
2012-11-27,228431,28024,200407
2012-12-04,202177,36441,165736
2012-12-11,201955,38256,163699
2012-12-18,202641,44860,157781
2012-12-24,200436,50340,150096
2012-12-31,198660,50141,148519
2013-01-08,193869,51061,142808
2013-01-15,192955,47839,145116
2013-01-22,195795,43898,151897
2013-01-29,181103,54155,126948
2013-02-05,192806,55341,137465
2013-02-12,193941,67106,126835
2013-02-19,195870,92219,103651
2013-02-26,201956,85357,116599
2013-03-05,195248,87661,107587
2013-03-12,201617,87110,114507
2013-03-19,208895,73285,135610
2013-03-26,200389,67943,132446
2013-04-02,202634,82428,120206
2013-04-09,203812,84453,119359
2013-04-16,204677,75795,128882
2013-04-23,197188,92933,104255
2013-04-30,193310,96258,97052
2013-05-07,189343,99920,89423
2013-05-14,186921,103195,83726
2013-05-21,189401,109142,80259
2013-05-28,172565,115686,56879
2013-06-04,170971,109771,61200
2013-06-11,174015,115010,59005
2013-06-18,166771,123079,43692
2013-06-25,164901,130749,34152
2013-07-02,158712,137961,20751
2013-07-09,160214,143657,16557
2013-07-16,156571,133109,23462
2013-07-23,161197,127006,34191
2013-07-30,154519,126153,28366
2013-08-06,153812,102177,51635
2013-08-13,148524,94598,53926
2013-08-20,151348,90952,60396
2013-08-27,150074,71785,78289
2013-09-03,151951,73760,78191
2013-09-10,141506,72782,68724
2013-09-17,138956,80160,58796
2013-09-24,140468,73329,67139
2013-10-01,141541,68494,73047
2013-10-08,140207,57890,82317
2013-10-15,139663,77730,61933
2013-10-22,147835,71170,76665
2013-10-29,153409,53173,100236
2013-11-05,149031,57895,91136
2013-11-12,144062,82710,61352
2013-11-19,140853,92733,48120
2013-11-26,133414,106859,26555
2013-12-03,134546,111855,22691
2013-12-10,133866,107486,26380
2013-12-17,133068,107164,25904
2013-12-24,135390,108051,27339
2013-12-31,137182,104959,32223
2014-01-07,139244,100357,38887
2014-01-14,145857,101844,44013
2014-01-21,146018,99435,46583
2014-01-28,150158,83817,66341
2014-02-04,147754,82815,64939
2014-02-11,156786,85585,71201
2014-02-18,164478,79847,84631
2014-02-25,169870,60406,109464
2014-03-04,171404,56238,115166
2014-03-11,170482,51592,118890
2014-03-18,183324,46510,136814
2014-03-25,169083,51766,117317
2014-04-01,158152,58007,100145
2014-04-08,149693,61094,88599
2014-04-15,147432,68140,79292
2014-04-22,146880,65047,81833
2014-04-29,147769,62542,85227
2014-05-06,160982,63026,97956
2014-05-13,157176,65542,91634
2014-05-20,157398,60907,96491
2014-05-27,155615,82224,73391
2014-06-03,157332,98181,59151
2014-06-10,159567,98440,61127
2014-06-17,162052,83757,78295
2014-06-24,183433,62574,120859
2014-07-01,201287,55262,146025
2014-07-08,203464,53443,150021
2014-07-15,199950,57492,142458
2014-07-22,197835,51689,146146
2014-07-29,188980,49827,139153
2014-08-05,176386,54923,121463
2014-08-12,191325,43644,147681
2014-08-19,183846,45870,137976
2014-08-26,172022,58853,113169
2014-09-02,172522,75643,96879
2014-09-09,177555,82414,95141
2014-09-16,170749,98562,72187
2014-09-23,170382,106498,63884
2014-09-30,171075,106205,64870
2014-10-07,174075,107628,66447
2014-10-14,193580,108165,85415
2014-10-21,207129,99145,107984
2014-10-28,195885,95146,100739
2014-11-04,176899,113674,63225
2014-11-11,177268,121225,56043
2014-11-18,187955,106533,81422
2014-11-25,167394,91187,76207
2014-12-02,170635,81305,89330
2014-12-09,186861,71999,114862
2014-12-16,182147,63739,118408
2014-12-23,180980,70070,110910
2014-12-30,182897,67060,115837
2015-01-06,187705,65527,122178
2015-01-13,192959,62733,130226
2015-01-20,223257,60802,162455
2015-01-27,238407,49482,188925
2015-02-03,229006,43991,185015
2015-02-10,199036,43762,155274
2015-02-17,188121,56387,131734
2015-02-24,184416,58245,126171
2015-03-03,180561,64741,115820
2015-03-10,171821,89929,81892
2015-03-17,162268,109175,53093
2015-03-24,168234,113953,54281
2015-03-31,172818,92799,80019
2015-04-07,183130,82373,100757
2015-04-14,184741,86344,98397
2015-04-21,184567,83322,101245
2015-04-28,189929,88672,101257
2015-05-05,173105,100665,72440
2015-05-12,179257,101817,77440
2015-05-19,202190,79569,122621
2015-05-26,191951,87257,104694
2015-06-02,194299,89889,104410
2015-06-09,186813,111723,75090
2015-06-16,191053,115330,75723
2015-06-23,202944,107830,95114
2015-06-30,194476,127321,67155
2015-07-07,193776,143328,50448
2015-07-14,191014,143190,47824
2015-07-21,187720,159441,28279
2015-07-28,182977,158512,24465
2015-08-04,184792,154892,29900
2015-08-11,187778,155336,32442
2015-08-18,185712,144053,41659
2015-08-25,189893,119160,70733
2015-09-01,182753,110068,72685
2015-09-08,183615,124322,59293
2015-09-15,174225,134678,39547
2015-09-22,182080,120955,61125
2015-09-29,182792,106147,76645
2015-10-06,191000,104181,86819
2015-10-13,203299,86140,117159
2015-10-20,233227,81926,151301
2015-10-27,225985,68551,157434
2015-11-03,194784,78442,116342
2015-11-10,174561,106172,68389
2015-11-17,173395,138996,34399
2015-11-24,159440,143138,16302
2015-12-01,158792,149042,9750
2015-12-08,162764,143141,19623
2015-12-15,155934,142278,13656
2015-12-22,154276,127849,26427
2015-12-29,150229,131127,19102
2016-01-05,153532,126972,26560
2016-01-12,158655,113937,44718
2016-01-19,158320,114626,43694
2016-01-26,170471,111431,59040
2016-02-02,176968,104146,72822
2016-02-09,201754,103326,98428
2016-02-16,209101,91741,117360
2016-02-23,227381,82403,144978
2016-03-01,223186,70773,152413
2016-03-08,252895,78085,174810
2016-03-15,247659,78147,169512
2016-03-22,258646,79815,178831
2016-03-29,262082,72276,189806
2016-04-05,263781,73381,190400
2016-04-12,286341,72534,213807
2016-04-19,291143,74306,216837
2016-04-26,288173,67316,220857
2016-05-03,338476,66828,271648
2016-05-10,337251,72353,264898
2016-05-17,340748,74460,266288
2016-05-24,291266,84634,206632
2016-05-31,274589,77454,197135
2016-06-07,295688,67069,228619
2016-06-14,347557,67695,279862
2016-06-21,358825,66096,292729
2016-06-28,373128,71208,301920
